5468000.000000
5473927.594485
5479853.350805
5485775.433078
5491692.009971
5497601.256966
5503501.358604
5509390.510702
5515266.922546
5521128.819042
5526974.442837
5532802.056382
5538609.943953
5544396.413612
5550159.799110
5555898.461725
5561610.792027
5567295.211578
5572950.174552
5578574.169272
5584165.719674
5589723.386678
5595245.769479
5600731.506742
5606179.277718
5611587.803254
5616955.846726
5622282.214870
5627565.758523
5632805.373269
5638000.000000
5643194.189782
5648388.069021
5653581.327245
5658773.654134
5663964.739589
5669154.273809
5674341.947361
5679527.451258
5684710.477031
5689890.716802
5695067.863355
5700241.610212
5705411.651704
5710577.683041
5715739.400386
5720896.500924
5726048.682932
5731195.645852
5736337.090358
5741472.718421
5746602.233385
5751725.340027
5756841.744629
5761951.155038
5767053.280738
5772147.832907
5777234.524487
5782313.070243
5787383.186824
5792444.592825
5797497.008848
5802540.157560
5807573.763749
5812597.554384
5817611.258667
5822614.608091
5827607.336494
5832589.180108
5837559.877614
5842519.170188
5847466.801558
5852402.518041
5857326.068600
5862237.204883
5867135.681270
5872021.254916
5876893.685791
5881752.736724
5886598.173438
5891429.764592
5896247.281816
5901050.499745
5905839.196055
5910613.151497
5915372.149924
5920115.978328
5924844.426861
5929557.288870
5934254.360916
5938935.442806
5943600.337611
5948248.851692
5952880.794718
5957495.979687
5962094.222947
5966675.344205
5971239.166553
5975785.516473
5980314.223859
5984825.122018
5989318.047693
5993792.841060
5998249.345747
6002687.408831
6007106.880851
6011507.615807
6015889.471168
6020252.307869
6024595.990314
6028920.386377
6033225.367395
6037510.808174
6041776.586975
6046022.585516
6050248.688964
6054454.785926
6058640.768443
6062806.531980
6066951.975415
6071077.001028
6075181.514489
6079265.424843
6083328.644499
6087371.089211
6091392.678066
6095393.333462
6099372.981094
6103331.549936
6107268.972216
6111185.183402
6115080.122177
6118953.730419
6122805.953175
6126636.738644
6130446.038145
6134233.806099
6138000.000000
6141775.856290
6145549.695439
6149319.504612
6153083.279573
6156839.028932
6160584.778336
6164318.574585
6168038.489653
6171742.624594
6175429.113325
6179096.126259
6182741.873785
6186364.609570
6189962.633687
6193534.295534
6197077.996566
6200592.192805
6204075.397129
6207526.181350
6210943.178052
6214325.082207
6217670.652560
6220978.712785
6224248.152408
6227477.927512
6230667.061221
6233814.643960
6236919.833518
6239981.854903
6243000.000000
6245963.804808
6248925.356796
6251882.409988
6254832.732053
6257774.111017
6260704.361844
6263621.332848
6266522.911893
6269407.032338
6272271.678715
6275114.892073
6277934.774995
6280729.496245
6283497.295018
6286236.484795
6288945.456775
6291622.682879
6294266.718319
6296876.203731
6299449.866876
6301986.523910
6304485.080230
6306944.530919
6309363.960785
6311742.544028
6314079.543547
6316374.309898
6318626.279948
6320834.975226
6323000.000000
6325103.419286
6327199.523969
6329281.100842
6331341.136509
6333372.910014
6335370.077132
6337326.744193
6339237.529788
6341097.613254
6342902.769395
6344649.389423
6346334.488622
6347955.701639
6349511.266667
6351000.000000
6352417.975290
6353817.452874
6355180.887836
6356492.538421
6357739.130016
6358910.280786
6359998.674441
6361000.000000
6362003.319809
6363006.437640
6364009.151676
6365011.260429
6366012.562893
6367012.858713
6368011.948340
6369009.633190
6370005.715804
6371000.000000
